666020888022790149,507,2539
666029285002620928,47,128
666033412701032449,43,124
666044226329800704,139,296
666049248165822465,41,108
666050758794694657,59,132
666051853826850816,841,1207
666055525042405380,242,430
666057090499244032,140,292
666058600524156928,57,110
666063827256086533,215,470
666071193221509120,59,145
666073100786774016,162,318
666082916733198337,44,116
666094000022159362,72,163
666099513787052032,67,153
666102155909144576,12,80
666104133288665088,6475,14150
666268910803644416,35,102
666273097616637952,76,174
666287406224695296,64,146
666293911632134144,352,494
666337882303524864,90,196
666345417576210432,133,288
666353288456101888,71,217
666362758909284353,564,770
666373753744588802,92,186
666396247373291520,84,166
666407126856765440,40,107
666411507551481857,323,441
666418789513326592,45,124
666421158376562688,111,316
666428276349472768,83,165
666430724426358785,196,316
666435652385423360,53,165
666437273139982337,48,125
666447344410484738,20,105
666454714377183233,208,518
666644823164719104,83,233
666649482315059201,628,1121
666691418707132416,47,189
666701168228331520,219,432
666739327293083650,66,238
666776908487630848,175,350
666781792255496192,198,388
666786068205871104,488,765
666804364988780544,94,242
666817836334096384,253,521
666826780179869698,97,255
666835007768551424,80,217
666837028449972224,559,825
666983947667116034,991,2566
666996132027977728,95,247
667012601033924608,225,451
667044094246576128,51,186
667062181243039745,55,220
667065535570550784,48,168
667073648344346624,124,407
667090893657276420,129,336
667119796878725120,128,331
667138269671505920,2242,4647
667152164079423490,17359,48146
667160273090932737,62,259
667165590075940865,1157,2711
667171260800061440,91,222
667174963120574464,84,246
667176164155375616,467,613
667177989038297088,55,192
667182792070062081,6295,14439
667188689915760640,422,750
667192066997374976,109,390
667200525029539841,264,621
667211855547486208,245,498
667369227918143488,167,369
667393430834667520,58,198
667405339315146752,221,472
667435689202614272,84,307
667437278097252352,242,452
667443425659232256,591,790
667453023279554560,91,317
667455448082227200,60,194
667470559035432960,100,259
667491009379606528,232,537
667495797102141441,276,527
667502640335572993,223,538
667509364010450944,2167,6858
667517642048163840,196,370
667524857454854144,1131,1719
667530908589760512,245,475
667534815156183040,551,829
667538891197542400,67,208
667544320556335104,533,878
667546741521195010,127,337
667549055577362432,2330,5866
667550882905632768,33,0
667550904950915073,35,0
667724302356258817,326,491
667728196545200128,152,380
667766675769573376,222,447
667773195014021121,58,239
667782464991965184,249,417
667793409583771648,336,708
667801013445750784,97,333
667806454573760512,510,1069
667832474953625600,63,292
667861340749471744,78,245
667866724293877760,1058,3043
667873844930215936,417,639
667878741721415682,122,397
667885044254572545,499,832
667886921285246976,1118,1920
667902449697558528,385,859
667911425562669056,311,497
667915453470232577,58,215
667924896115245057,113,307
667937095915278337,815,1291
668113020489474048,251,676
668142349051129856,294,576
668154635664932864,325,505
668171859951755264,201,502
668190681446379520,200,662
668204964695683073,200,560
668221241640230912,203,517
668226093875376128,106,304
668237644992782336,2922,6321
668248472370458624,501,1013
668256321989451776,636,1327
668268907921326080,243,564
668274247790391296,235,840
668286279830867968,142,515
668291999406125056,32,249
668297328638447616,306,632
668466899341221888,528,899
668480044826800133,152,469
668484198282485761,241,434
668496999348633600,135,420
668507509523615744,111,332
668528771708952576,232,470
668537837512433665,77,257
668542336805281792,222,470
668544745690562560,233,531
668567822092664832,57,250
668614819948453888,322,621
668620235289837568,44,207
668623201287675904,799,1468
668625577880875008,138,393
668627278264475648,118,324
668631377374486528,326,735
668633411083464705,1697,2877
668636665813057536,502,1061
668641109086707712,554,1098
668643542311546881,543,899
668645506898350081,554,914
668655139528511488,223,541
668779399630725120,382,715
668815180734689280,279,580
668826086256599040,141,443
668852170888998912,171,461
668872652652679168,308,540
668892474547511297,155,401
668902994700836864,103,323
668932921458302977,59,273
668955713004314625,74,286
668960084974809088,245,719
668975677807423489,602,1326
668979806671884288,356,807
668981893510119424,317,549
668986018524233728,173,563
668988183816871936,488,914
668989615043424256,338,695
668992363537309700,357,754
668994913074286592,240,450
669000397445533696,6567,21275
669006782128353280,258,588
669015743032369152,384,755
669037058363662336,322,672
669203728096960512,493,1020
669214165781868544,175,447
669216679721873412,414,1209
669324657376567296,214,503
669327207240699904,119,585
669328503091937280,430,1029
669351434509529089,194,450
669353438988365824,266,658
669354382627049472,1307,2762
669359674819481600,127,374
669363888236994561,237,637
669367896104181761,164,472
669371483794317312,186,504
669375718304980992,753,1365
669393256313184256,79,375
669564461267722241,128,393
669567591774625800,58,239
669571471778410496,1049,1614
669573570759163904,146,444
669583744538451968,957,1514
669597912108789760,155,519
669603084620980224,375,960
669625907762618368,1864,3601
669661792646373376,455,820
669680153564442624,299,679
669682095984410625,136,358
669683899023405056,114,395
669749430875258880,67,277
669753178989142016,414,828
669923323644657664,59,242
669926384437997569,108,383
669942763794931712,172,520
669970042633789440,62,308
669972011175813120,168,453
669993076832759809,87,329
670003130994700288,96,341
670037189829525505,288,598
670040295598354432,115,769
670046952931721218,181,657
670055038660800512,342,683
670061506722140161,353,781
670069087419133954,252,644
670073503555706880,817,1599
670079681849372674,1282,2264
670086499208155136,262,711
670093938074779648,348,1051
670290420111441920,297,722
670303360680108032,139,434
670319130621435904,1263,3935
670338931251150849,114,434
670361874861563904,69,335
670374371102445568,277,758
670385711116361728,219,574
670403879788544000,162,442
670408998013820928,232,568
670411370698022913,929,2067
670417414769758208,330,580
670420569653809152,327,639
670421925039075328,656,1339
670427002554466305,170,527
670428280563085312,651,1410
670433248821026816,117,334
670434127938719744,666,1431
670435821946826752,533,1074
670442337873600512,203,655
670444955656130560,2040,6845
670449342516494336,694,1218
670452855871037440,214,560
670465786746662913,570,987
670468609693655041,87,359
670474236058800128,788,1564
670668383499735048,5205,10927
670676092097810432,44,257
670679630144274432,292,759
670691627984359425,251,599
670704688707301377,383,778
670717338665226240,510,1237
670727704916926465,372,842
670733412878163972,527,981
670755717859713024,115,449
670764103623966721,435,1093
670778058496974848,74,333
670780561024270336,297,795
670782429121134593,797,1597
670783437142401025,408,832
670786190031921152,207,609
670789397210615808,248,674
670792680469889025,286,850
670797304698376195,244,747
670803562457407488,89,347
670804601705242624,986,2009
670807719151067136,504,1174
670811965569282048,277,1155
670815497391357952,1587,3239
670822709593571328,99,625
670823764196741120,198,791
670826280409919488,4186,5665
670832455012716544,225,748
670833812859932673,128,457
670838202509447168,718,1139
670840546554966016,201,606
670842764863651840,9021,25043
670995969505435648,301,1126
671109016219725825,453,1167
671115716440031232,795,1384
671122204919246848,2601,3571
671134062904504320,199,765
671138694582165504,417,950
671141549288370177,673,1188
671147085991960577,235,689
671151324042559489,159,687
671154572044468225,225,738
671159727754231808,84,381
671163268581498880,1140,1694
671166507850801152,362,891
671182547775299584,356,1147
671186162933985280,218,750
671347597085433856,441,981
671355857343524864,116,487
671357843010908160,151,407
671362598324076544,301,1131
671390180817915904,755,1448
671485057807351808,239,774
671486386088865792,212,589
671488513339211776,483,1028
671497587707535361,460,933
671504605491109889,3652,7174
671511350426865664,748,1641
671518598289059840,302,968
671520732782923777,540,1422
671528761649688577,265,852
671533943490011136,596,1040
671536543010570240,420,1202
671538301157904385,408,938
671542985629241344,584,1110
671544874165002241,1082,2026
671547767500775424,613,1375
671561002136281088,7458,13089
671729906628341761,4495,8673
671735591348891648,778,1474
671743150407421952,238,752
671744970634719232,795,1372
671763349865160704,953,1714
671768281401958400,540,1217
671789708968640512,3598,7195
671855973984772097,465,924
671866342182637568,516,1145
671874878652489728,576,1271
671879137494245376,707,1448
671882082306625538,1419,3535
671891728106971137,585,1357
671896809300709376,4288,8627
672068090318987265,530,1322
672082170312290304,377,960
672095186491711488,377,1015
672125275208069120,1178,2458
672139350159835138,740,1781
672160042234327040,369,887
672169685991993344,382,1041
672205392827572224,1191,2308
672222792075620352,217,802
672231046314901505,1044,1873
672239279297454080,330,911
672245253877968896,162,700
672248013293752320,629,1756
672254177670729728,765,1463
672256522047614977,1607,2873
672264251789176834,349,1170
672267570918129665,634,1532
672272411274932228,3503,6579
672466075045466113,557,1381
672475084225949696,722,1464
672481316919734272,128,728
672482722825261057,626,1158
672488522314567680,451,1136
672523490734551040,178,653
672538107540070400,381,1048
672591271085670400,190,744
672591762242805761,345,968
672594978741354496,624,1353
672604026190569472,413,1133
672609152938721280,401,1137
672614745925664768,604,1249
672622327801233409,513,1319
672640509974827008,333,991
672828477930868736,507,1273
672834301050937345,589,1339
672877615439593473,381,1052
672884426393653248,856,1584
672898206762672129,435,912
672902681409806336,521,1394
672964561327235073,662,1450
672968025906282496,566,1336
672970152493887488,368,970
672975131468300288,948,1723
672980819271634944,1036,1850
672984142909456390,562,1278
672988786805112832,303,1000
672995267319328768,308,976
672997845381865473,747,2005
673148804208660480,651,1731
673213039743795200,879,2298
673240798075449344,757,1450
673270968295534593,383,1083
673295268553605120,3283,7681
673317986296586240,270,885
673320132811366400,8253,13767
673342308415348736,610,1300
673343217010679808,280,993
673345638550134785,1326,2582
673350198937153538,221,756
673352124999274496,556,1686
673355879178194945,605,1521
673359818736984064,696,1481
673363615379013632,318,1045
673576835670777856,582,1415
673580926094458881,276,850
673583129559498752,381,1218
673612854080196609,748,1623
673636718965334016,376,1138
673656262056419329,253,733
673662677122719744,374,1278
673680198160809984,484,1402
673686845050527744,455,1479
673688752737402881,516,1293
673689733134946305,676,1779
673697980713705472,2038,3893
673700254269775872,595,1476
673705679337693185,413,1285
673707060090052608,405,1124
673708611235921920,299,1100
673709992831262724,284,869
673711475735838725,308,1058
673715861853720576,2170,3625
673887867907739649,262,952
673906403526995968,1682,3273
673919437611909120,383,1195
673956914389192708,1004,1994
674008982932058114,368,1232
674014384960745472,674,1602
674019345211760640,312,1159
674024893172875264,1281,1824
674036086168010753,223,863
674038233588723717,426,1124
674042553264685056,134,737
674045139690631169,666,1458
674051556661161984,503,1478
674053186244734976,1354,3405
674063288070742018,2317,6528
674075285688614912,300,1003
674082852460433408,177,773
674255168825880576,583,1506
674262580978937856,475,1334
674265582246694913,887,1678
674269164442398721,236,919
674271431610523648,760,1609
674291837063053312,6154,15140
674318007229923329,537,1451
674372068062928900,322,865
674394782723014656,597,1537
674410619106390016,484,1231
674416750885273600,146,704
674422304705744896,557,1472
674436901579923456,412,1143
674447403907457024,372,1086
674468880899788800,2155,6399
674632714662858753,602,1542
674638615994089473,605,1724
674644256330530816,281,1059
674646392044941312,524,1482
674664755118911488,265,948
674670581682434048,685,1659
674690135443775488,487,1184
674737130913071104,96,663
674739953134403584,413,1145
674743008475090944,581,1445
674752233200820224,486,1498
674754018082705410,468,1399
674764817387900928,249,808
674767892831932416,832,1881
674774481756377088,496,1162
674781762103414784,1263,2062
674788554665512960,218,835
674790488185167872,264,1138
674793399141146624,1144,2575
674800520222154752,900,3093
674805413498527744,370,887
674999807681908736,1154,2316
675003128568291329,497,1600
675006312288268288,236,1009
675015141583413248,1259,2795
675047298674663426,342,1094
675109292475830276,1189,2885
675111688094527488,265,995
675113801096802304,819,2012
675135153782571009,518,1343
675145476954566656,947,2206
675146535592706048,328,1236
675147105808306176,253,972
675149409102012420,1767,3860
675153376133427200,2739,6488
675166823650848770,1694,3723
675334060156301312,1360,2877
675349384339542016,2377,4045
675354435921575936,18065,33874
675362609739206656,240,1080
675372240448454658,531,1754
675432746517426176,597,1575
675483430902214656,1020,1913
675489971617296384,625,1347
675497103322386432,1364,3245
675501075957489664,6119,17711
675517828909424640,481,1351
675522403582218240,300,1074
675531475945709568,404,1218
675534494439489536,439,1879
675706639471788032,103,668
675707330206547968,734,2052
675710890956750848,868,1956
675740360753160193,365,1209
675781562965868544,499,1681
675798442703122432,3572,10609
675820929667219457,242,1088
675822767435051008,563,1580
675845657354215424,937,2365
675853064436391936,1368,2781
675870721063669760,601,1698
675878199931371520,1473,4330
675888385639251968,1015,2462
675891555769696257,922,2216
675898130735476737,604,1700
676089483918516224,452,1368
676098748976615425,1519,3123
676101918813499392,1224,2914
676146341966438401,705,1987
676191832485810177,1083,2368
676215927814406144,620,1802
676219687039057920,32810,77701
676237365392908289,309,1272
676263575653122048,580,2157
676430933382295552,364,1455
676440007570247681,703,1788
676470639084101634,4946,12057
676496375194980353,567,1581
676533798876651520,594,1953
676575501977128964,1188,2696
676582956622721024,296,1256
676588346097852417,846,2431
676603393314578432,411,1219
676606785097199616,465,1957
676613908052996102,207,1136
676617503762681856,1044,3015
676776431406465024,2124,5196
676811746707918848,449,1471
676819651066732545,704,1871
676821958043033607,16578,23988
676864501615042560,754,2192
676897532954456065,765,2344
676936541936185344,5213,13210
676942428000112642,807,2158
676946864479084545,400,1776
676948236477857792,925,2264
676949632774234114,422,1356
676957860086095872,857,2302
676975532580409345,1137,2891
677187300187611136,982,2847
677228873407442944,1741,3693
677269281705472000,749,2079
677301033169788928,435,1296
677314812125323265,569,1718
677328882937298944,1587,3781
677331501395156992,252,1138
677334615166730240,314,1418
677530072887205888,240,1120
677547928504967168,3868,7221
677557565589463040,1238,2543
677565715327688705,484,1348
677573743309385728,770,2233
677644091929329666,848,1955
677662372920729601,1040,2031
677673981332312066,1598,3489
677687604918272002,898,2585
677698403548192770,339,1278
677700003327029250,1537,3545
677716515794329600,1030,3180
677895101218201600,2245,5040
677918531514703872,436,1410
678021115718029313,6791,14381
678255464182861824,397,1653
678278586130948096,6486,11990
678334497360859136,279,1358
678341075375947776,573,1808
678380236862578688,967,2554
678389028614488064,450,1952
678396796259975168,449,1659
678399652199309312,33941,82540
678410210315247616,1950,4434
678424312106393600,2711,5659
678446151570427904,1673,4183
678643457146150913,455,2146
678675843183484930,1584,3008
678740035362037760,1817,3934
678755239630127104,3535,7477
678764513869611008,508,1714
678767140346941444,1464,3701
678774928607469569,985,2930
678798276842360832,1272,3649
678800283649069056,963,2694
678969228704284672,495,1721
678991772295516161,1258,2438
679047485189439488,730,2357
679062614270468097,8790,17898
679111216690831360,2735,6236
679132435750195208,1237,3111
679148763231985668,1103,2907
679158373988876288,8688,22541
679462823135686656,20192,33304
679475951516934144,686,2201
679503373272485890,1589,3307
679511351870550016,1366,3535
679527802031484928,775,2777
679530280114372609,2221,4998
679722016581222400,501,1742
679729593985699840,880,2270
679736210798047232,852,2194
679777920601223168,1197,3233
679828447187857408,15060,38076
679844490799091713,822,2488
679854723806179328,1322,3013
679862121895714818,668,2580
679877062409191424,691,2069
680055455951884288,7624,17548
680070545539371008,939,2704
680085611152338944,9562,13443
680100725817409536,1465,3752
680115823365742593,973,2853
680130881361686529,1018,2406
680145970311643136,1871,3803
680161097740095489,789,2435
680176173301628928,1685,4102
680191257256136705,540,2255
680206703334408192,1260,2985
680221482581123072,309,1525
680440374763077632,544,1527
680473011644985345,801,2675
680494726643068929,518,1800
680497766108381184,2054,4450
680583894916304897,1446,3810
680609293079592961,768,2771
680798457301471234,1122,3005
680801747103793152,889,2489
680836378243002368,1429,3636
680889648562991104,394,1853
680913438424612864,664,2513
680934982542561280,472,2187
680940246314430465,1134,3385
680959110691590145,2140,4788
680970795137544192,715,2556
681193455364796417,1603,3904
681231109724700672,519,2518
681242418453299201,581,1575
681261549936340994,295,1531
681281657291280384,1182,3389
681297372102656000,1028,3363
681302363064414209,1967,4153
681320187870711809,811,2793
681339448655802368,4358,9775
681523177663676416,6251,15068
681579835668455424,1402,3725
681610798867845120,509,2011
681654059175129088,996,2784
681679526984871937,482,1853
681694085539872773,4346,13441
681891461017812993,888,2597
681981167097122816,1107,2930
682003177596559360,1645,3315
682032003584274432,2158,6928
682047327939461121,1038,3382
682059653698686977,1819,5231
682242692827447297,1271,3426
682259524040966145,1304,4394
682303737705140231,1073,3247
682389078323662849,503,1759
682393905736888321,734,2362
682406705142087680,1894,7994
682429480204398592,1250,3616
682638830361513985,646,2163
682662431982772225,1163,3206
682697186228989953,387,1381
682750546109968385,469,1605
682788441537560576,1201,2602
682962037429899265,17934,38918
683030066213818368,786,2269
683078886620553216,603,2089
683098815881154561,708,2282
683111407806746624,979,3578
683142553609318400,1113,3035
683357973142474752,1007,3087
683391852557561860,2569,8023
683449695444799489,1726,4108
683462770029932544,718,2563
683481228088049664,1067,2774
683498322573824003,1031,3344
683742671509258241,3572,6852
683773439333797890,1459,3522
683828599284170753,1138,2945
683834909291606017,1192,2760
683849932751646720,1052,2763
683852578183077888,377,2029
683857920510050305,1200,4001
684097758874210310,1546,4326
684122891630342144,511,2097
684177701129875456,724,2124
684188786104872960,1258,3666
684195085588783105,560,2018
684200372118904832,1108,2278
684222868335505415,1478,4049
684225744407494656,229,1306
684241637099323392,3553,8586
684460069371654144,595,2084
684481074559381504,1253,4070
684538444857667585,1028,2790
684567543613382656,1326,3171
684594889858887680,3799,9415
684800227459624960,1071,2857
684880619965411328,879,2210
684902183876321280,569,1979
684914660081053696,1567,3690
684926975086034944,502,3688
684940049151070208,1119,3385
684959798585110529,3364,7179
685169283572338688,1527,4323
685198997565345792,715,2457
685268753634967552,1297,3262
685307451701334016,472,2176
685315239903100929,1158,3525
685321586178670592,687,2786
685325112850124800,4283,9988
685532292383666176,1234,3200
685547936038666240,16837,34732
685641971164143616,835,3091
685663452032069632,1571,3423
685667379192414208,616,2468
685906723014619143,3127,7925
685943807276412928,646,1717
685973236358713344,564,2220
686003207160610816,678,1919
686007916130873345,450,2609
686034024800862208,1248,3283
686050296934563840,781,2325
686358356425093120,729,2317
686377065986265092,601,2340
686386521809772549,942,3431
686606069955735556,583,1999
686618349602762752,1456,3884
686683045143953408,861,2961
686730991906516992,1286,4376
686749460672679938,1563,3657
686947101016735744,3407,9070
687096057537363968,651,2361
687102708889812993,1064,2469
687109925361856513,2641,6121
687124485711986689,543,2278
687127927494963200,2458,5756
687312378585812992,2034,4591
687317306314240000,9815,21170
687460506001633280,584,2158
687476254459715584,572,2078
687480748861947905,261,1682
687494652870668288,614,2012
687664829264453632,549,2043
687704180304273409,898,2570
687807801670897665,754,2521
687818504314159109,1015,2635
687826841265172480,1208,2882
688064179421470721,386,1816
688116655151435777,841,2972
688179443353796608,629,2227
688211956440801280,896,2346
688385280030670848,4777,9783
688519176466644993,788,2436
688547210804498433,756,2748
688789766343622656,714,2337
688804835492233216,209,1011
688828561667567616,398,1458
688894073864884227,742,2352
688898160958271489,845,2219
688908934925697024,827,2230
688916208532455424,933,2871
689143371370250240,552,2130
689154315265683456,1075,3227
689275259254616065,262,1216
689280876073582592,771,2102
689283819090870273,1186,3464
689289219123089408,1000,2371
689517482558820352,1531,3572
689557536375177216,494,2158
689599056876867584,5925,12248
689623661272240129,692,2353
689659372465688576,4159,10917
689661964914655233,998,3370
689835978131935233,810,2280
689877686181715968,1267,3185
689905486972461056,743,2562
689977555533848577,478,1445
689999384604450816,400,1504
690005060500217858,1807,3863
690015576308211712,792,2647
690021994562220032,1107,2943
690248561355657216,438,1772
690360449368465409,955,2780
690374419777196032,923,3435
690400367696297985,486,1974
690597161306841088,646,2071
690649993829576704,300,1378
690690673629138944,855,2450
690728923253055490,553,2290
690735892932222976,1372,3985
690932576555528194,1095,3463
690938899477221376,2136,4359
690959652130045952,1345,3778
691090071332753408,359,1798
691096613310316544,953,3119
691321916024623104,707,2708
691416866452082688,8195,20359
691444869282295808,909,2792
691459709405118465,1235,4278
691483041324204033,606,2496
691675652215414786,544,2050
691756958957883396,1095,3043
691820333922455552,1773,4162
692017291282812928,1019,3017
692142790915014657,421,1728
692158366030913536,849,2264
692187005137076224,876,2659
692417313023332352,3716,9824
692530551048294401,449,1943
692535307825213440,1452,3367
692568918515392513,1647,4569
692752401762250755,3884,7183
692828166163931137,943,3029
692894228850999298,866,2397
692901601640583168,649,1882
692905862751522816,941,2562
692919143163629568,799,2815
693095443459342336,495,1974
693109034023534592,658,1807
693155686491000832,3421,8300
693231807727280129,786,3015
693262851218264065,536,2350
693280720173801472,1326,3540
693486665285931008,675,1872
693590843962331137,2114,5332
693622659251335168,397,1626
693629975228977152,855,2583
693642232151285760,445,2670
693647888581312512,635,2839
693942351086120961,395,1821
694001791655137281,1105,3568
694183373896572928,995,3098
694206574471057408,2173,4404
694329668942569472,537,2112
694352839993344000,665,2144
694356675654983680,311,1584
694669722378485760,15482,37592
694905863685980160,1001,2900
695051054296211456,841,2806
695064344191721472,641,1687
695074328191332352,1182,2993
695095422348574720,658,2784
695314793360662529,1576,3830
695409464418041856,3822,9089
695446424020918272,1940,4589
695629776980148225,2245,4803
695767669421768709,798,1968
695794761660297217,840,3355
695816827381944320,1247,3163
696405997980676096,1217,3389
696488710901260288,1107,2673
696713835009417216,691,2500
696754882863349760,382,1549
696877980375769088,761,2565
696886256886657024,1920,5090
696894894812565505,726,2459
696900204696625153,1096,3356
697242256848379904,711,2646
697255105972801536,1239,3176
697259378236399616,1067,3459
697270446429966336,1988,4923
697463031882764288,1475,3589
697482927769255936,722,2547
697575480820686848,539,2146
697596423848730625,1352,3195
697616773278015490,1083,3333
697881462549430272,1273,3170
697943111201378304,737,2530
697990423684476929,1386,3463
697995514407682048,358,1608
698178924120031232,791,2946
698195409219559425,6378,17624
698262614669991936,2147,5002
698342080612007937,1013,2380
698355670425473025,484,1969
698549713696649216,661,2439
698635131305795584,364,1351
698703483621523456,406,1524
698710712454139905,729,2600
698907974262222848,664,2671
698953797952008193,969,2847
698989035503689728,1054,3552
699036661657767936,1278,2743
699072405256409088,1269,3157
699079609774645248,704,2576
699088579889332224,673,2352
699323444782047232,924,3326
699370870310113280,469,1980
699413908797464576,663,2178
699423671849451520,353,1446
699434518667751424,543,2281
699446877801091073,2799,6248
699691744225525762,4915,10797
699775878809702401,649,2064
699779630832685056,1328,2921
699788877217865730,531,2358
700143752053182464,2945,7931
700151421916807169,707,2356
700167517596164096,799,2787
700462010979500032,1928,4353
700505138482569216,610,2398
700518061187723268,856,2782
700747788515020802,10023,24016
700796979434098688,1028,2565
700847567345688576,536,2555
700864154249383937,656,2722
700890391244103680,616,2334
701214700881756160,5475,12851
701545186879471618,656,2797
701570477911896070,1002,2971
701601587219795968,489,2196
701889187134500865,1471,3746
701952816642965504,1093,4006
701981390485725185,1062,3622
702217446468493312,1432,5056
702276748847800320,816,2605
702321140488925184,1101,3451
702539513671897089,1020,3026
702598099714314240,3497,10875
702671118226825216,601,2311
702684942141153280,1155,3382
702932127499816960,773,2724
703041949650034688,13423,27746
703079050210877440,3319,7770
703268521220972544,584,2067
703356393781329922,414,2015
703382836347330562,1219,3680
703407252292673536,744,2581
703425003149250560,1477,3989
703611486317502464,1620,4061
703631701117943808,739,2726
703769065844768768,1214,3463
703774238772166656,500,1938
704054845121142784,979,3064
704113298707505153,603,1954
704347321748819968,374,1667
704364645503647744,3806,8436
704480331685040129,1131,3572
704499785726889984,1067,3091
704761120771465216,3100,6967
704819833553219584,1068,2768
704847917308362754,1638,5370
704859558691414016,582,2369
704871453724954624,1189,4481
705066031337840642,646,2280
705102439679201280,546,2256
705223444686888960,864,2710
705239209544720384,804,3147
705428427625635840,1810,4014
705442520700944385,1756,4676
705475953783398401,989,3106
705591895322394625,1230,3330
705786532653883392,561,2050
705898680587526145,597,2496
705970349788291072,953,3295
705975130514706432,789,3255
706166467411222528,1720,5411
706265994973601792,982,2866
706291001778950144,499,1787
706310011488698368,8535,22505
706346369204748288,986,3623
706516534877929472,1107,3255
706538006853918722,1512,3634
706593038911545345,670,2265
706644897839910912,1169,2708
706681918348251136,1035,3491
706901761596989440,640,2174
707014260413456384,639,2427
707021089608753152,1465,4271
707038192327901184,851,2306
707059547140169728,726,2706
707297311098011648,851,2900
707315916783140866,686,2601
707377100785885184,1154,3446
707387676719185920,1391,3678
707411934438625280,640,2393
707420581654872064,739,2393
707610948723478529,6856,17821
707693576495472641,1071,3613
707741517457260545,653,2620
707776935007539200,1012,3443
707969809498152960,1034,2827
707995814724026368,1202,3281
708026248782585858,2042,4580
708109389455101952,578,2027
708119489313951744,1045,2818
708130923141795840,892,3556
708149363256774660,1644,4488
708349470027751425,789,2467
708356463048204288,1428,3795
708469915515297792,877,3240
708479650088034305,720,2674
708711088997666817,776,2679
708738143638450176,872,2877
708810915978854401,7427,17309
708834316713893888,538,1780
708845821941387268,957,3123
709042156699303936,1753,4986
709158332880297985,450,2143
709198395643068416,685,2531
709207347839836162,6236,13231
709225125749587968,609,2521
709409458133323776,740,2743
709449600415961088,626,2333
709519240576036864,256,1560
709556954897764353,1135,3449
709566166965075968,1287,3717
709852847387627521,1275,3671
709901256215666688,105,706
709918798883774466,1140,3127
710117014656950272,2124,5773
710140971284037632,954,2902
710153181850935296,954,3050
710269109699739648,1205,2514
710272297844797440,1343,4744
710283270106132480,550,2239
710588934686908417,2000,4769
710658690886586372,603,2422
710833117892898816,576,2819
710844581445812225,736,2670
710997087345876993,1487,4771
711008018775851008,663,3135
711306686208872448,780,3471
711363825979756544,1209,3831
711652651650457602,979,4055
711694788429553666,19510,34422
711732680602345472,4394,9312
711743778164514816,1050,2981
711968124745228288,2466,8449
711998809858043904,134,0
712065007010385924,667,2374
712085617388212225,516,3403
712092745624633345,959,3083
712097430750289920,1105,3977
712438159032893441,1671,5580
712668654853337088,1297,4357
712717840512598017,5338,12945
712809025985978368,7189,19500
713175907180089344,1556,4671
713177543487135744,3016,7541
713411074226274305,1377,4623
713761197720473600,1470,5114
713900603437621249,792,2969
713919462244790272,827,3430
714141408463036416,1498,4516
714214115368108032,938,2377
714251586676113411,895,3424
714258258790387713,764,3151
714606013974974464,987,3800
714631576617938945,1070,3423
714957620017307648,1514,4337
714982300363173890,1106,3933
715009755312439296,1321,4362
715200624753819648,2013,5358
715220193576927233,696,2529
715342466308784130,727,3170
715360349751484417,1680,5730
715680795826982913,1728,4534
715696743237730304,1371,4093
715733265223708672,1800,4893
715928423106027520,932,3341
716080869887381504,2049,7033
716285507865542656,1158,2911
716439118184652801,227,2478
716791146589110272,1527,6257
716802964044845056,1255,4475
717009362452090881,1038,3420
717047459982213120,2033,6562
717421804990701568,899,3297
717537687239008257,1966,6025
717790033953034240,1204,3021
717841801130979328,631,2568
718234618122661888,1069,4062
718246886998687744,534,2022
718454725339934721,1607,5093
718460005985447936,564,2820
718540630683709445,1079,2601
718613305783398402,514,2553
718631497683582976,8606,19773
718939241951195136,1876,5485
718971898235854848,1168,3657
719332531645071360,1018,3572
719339463458033665,1335,4621
719367763014393856,786,2924
719551379208073216,2052,5290
719704490224398336,1546,4779
719991154352222208,1862,5058
720043174954147842,2140,5133
720059472081784833,1202,4069
720340705894408192,1037,3006
720389942216527872,2686,6719
720415127506415616,1592,4318
720775346191278080,722,2595
720785406564900865,822,3261
721001180231503872,656,2649
721503162398597120,1996,4878
722613351520608256,1743,5195
722974582966214656,1675,4308
723179728551723008,2002,5545
723673163800948736,950,3167
723688335806480385,3180,8079
723912936180330496,1307,4076
724004602748780546,1681,4381
724046343203856385,595,2786
724049859469295616,1888,4522
724405726123311104,1758,5552
724771698126512129,686,2481
724983749226668032,1389,3884
725729321944506368,1897,5434
725786712245440512,1450,4359
725842289046749185,2829,7391
726224900189511680,1228,4625
726828223124897792,1076,3723
726887082820554753,1606,4021
726935089318363137,2617,7217
727175381690781696,1468,4056
727286334147182592,871,3190
727314416056803329,802,3484
727524757080539137,1302,4683
727644517743104000,1864,6182
727685679342333952,683,3076
728015554473250816,1165,4295
728035342121635841,1780,4768
728046963732717569,1255,4519
728387165835677696,1023,3844
728409960103686147,2143,5152
728653952833728512,1109,3469
728751179681943552,725,2910
728760639972315136,1820,4899
728986383096946689,878,3318
729113531270991872,350,1975
729463711119904772,2466,6088
729823566028484608,1322,4183
729838605770891264,410,1792
729854734790754305,1204,4232
730196704625098752,2049,5123
730211855403241472,1130,4010
730427201120833536,1112,3633
730573383004487680,2304,5162
730924654643314689,2113,6435
731156023742988288,1359,4025
731285275100512256,1051,3661
732005617171337216,5836,15677
732375214819057664,2699,8488
732585889486888962,822,3865
732726085725589504,947,3706
732732193018155009,575,2564
733109485275860992,17973,51620
733460102733135873,1367,4419
733482008106668032,1015,3298
733822306246479872,1078,3851
733828123016450049,831,3776
734776360183431168,583,2637
734787690684657664,6741,13189
734912297295085568,550,2872
735137028879360001,1038,3287
735256018284875776,950,3506
735274964362878976,5435,13651
735635087207878657,2521,6486
735648611367784448,1176,4212
735991953473572864,1229,3778
736010884653420544,3187,8301
736225175608430592,2966,8538
736365877722001409,1342,4191
736736130620620800,1859,4536
737310737551491075,7936,15431
737322739594330112,870,3793
737445876994609152,4779,10809
737678689543020544,1430,5296
737800304142471168,3708,10495
737826014890496000,1886,5541
738156290900254721,700,2663
738166403467907072,3648,9250
738184450748633089,1296,4527
738402415918125056,906,3425
738537504001953792,1671,5358
738883359779196928,870,3509
738885046782832640,1223,3962
739238157791694849,62251,121816
739485634323156992,3155,7565
739544079319588864,22932,41726
739606147276148736,1774,5664
739844404073074688,915,3988
739932936087216128,1155,4264
739979191639244800,6345,21003
740214038584557568,2108,7036
740359016048689152,916,3470
740365076218183684,469,2608
740373189193256964,14259,36595
740676976021798912,7291,19096
740699697422163968,839,2981
740711788199743490,1001,3588
740995100998766593,2969,6727
741067306818797568,3312,9941
741303864243200000,3475,9236
741438259667034112,896,3869
741743634094141440,2966,8603
741793263812808706,1616,4796
742150209887731712,1672,5405
742161199639494656,1472,4568
742385895052087300,2136,7154
742423170473463808,4075,10354
742465774154047488,4170,7647
742528092657332225,2137,4668
743210557239623680,1463,4035
743222593470234624,2043,6528
743253157753532416,1307,4461
743510151680958465,3963,8326
743545585370791937,1002,3714
743595368194129920,7053,19455
743609206067040256,1479,4719
743895849529389061,1027,3834
743980027717509120,1168,4378
744234799360020481,84010,164819
744334592493166593,2296,7135
744709971296780288,1674,5892
744971049620602880,2896,8308
744995568523612160,671,3132
745057283344719872,2447,7625
745314880350101504,2981,7557
745422732645535745,2613,9039
745433870967832576,2728,7482
745712589599014916,2496,7372
745789745784041472,1147,4250
746056683365994496,875,3743
746131877086527488,2367,7283
746369468511756288,1769,6503
746507379341139972,1163,4882
746726898085036033,1927,6369
746790600704425984,1712,5148
746818907684614144,1856,5587
746872823977771008,2313,6326
746906459439529985,318,3046
747103485104099331,4302,10103
747204161125646336,992,3572
747219827526344708,1704,5571
747461612269887489,1112,4079
747512671126323200,1709,5859
747594051852075008,1134,3902
747600769478692864,591,2450
747816857231626240,1253,5122
747844099428986880,810,2961
747885874273214464,1063,3118
747933425676525569,2755,6997
747963614829678593,2312,6107
748307329658011649,772,3876
748324050481647620,826,3908
748346686624440324,1338,5517
748568946752774144,726,2301
748575535303884801,2152,6405
748692773788876800,1435,4481
748699167502000129,1725,5006
748705597323898880,1023,2926
748932637671223296,2442,6182
748977405889503236,3667,11323
749036806121881602,843,3279
749064354620928000,1629,5065
749317047558017024,2394,5803
749395845976588288,3745,9105
749403093750648834,590,2781
749417653287129088,1803,6451
749774190421639168,1418,4919
749981277374128128,2645,5411
749996283729883136,875,3211
750011400160841729,984,3434
750026558547456000,854,2875
750041628174217216,670,3360
750056684286914561,970,3319
750071704093859840,3612,8323
750086836815486976,591,2303
750101899009982464,911,3219
750117059602808832,1406,4589
750132105863102464,1374,3851
750147208377409536,1046,3280
750383411068534784,1227,4818
750429297815552001,4653,13950
750506206503038976,1244,4704
750719632563142656,5456,13987
750868782890057730,1501,5054
751132876104687617,1411,5388
751205363882532864,1979,6683
751251247299190784,6347,13232
751456908746354688,1080,3390
751538714308972544,1374,5338
751583847268179968,1207,4668
751598357617971201,3292,8368
751830394383790080,2121,6145
751937170840121344,1457,5527
752173152931807232,1999,6303
752309394570878976,18064,0
752334515931054080,1191,4045
752519690950500352,3728,7822
752660715232722944,1709,4670
752682090207055872,1740,6347
752917284578922496,1706,7309
753026973505581056,1055,4127
753294487569522689,1127,3607
753375668877008896,2523,8093
753398408988139520,2080,6141
753420520834629632,3865,8401
753655901052166144,2357,6204
754120377874386944,2536,8312
754449512966619136,797,3975
754482103782404096,2115,5640
754747087846248448,568,2736
754856583969079297,2738,7296
754874841593970688,8688,0
755110668769038337,12006,22532
755206590534418437,5834,17465
755955933503782912,3133,7791
756275833623502848,1651,6833
756288534030475264,18954,45398
756303284449767430,1176,4198
756526248105566208,3920,11041
756651752796094464,1425,5380
756939218950160384,2179,7066
756998049151549440,2154,6655
757354760399941633,1545,4794
757393109802180609,1896,6197
757400162377592832,7411,16090
757596066325864448,1146,4614
757597904299253760,316,0
757611664640446465,1213,4844
757725642876129280,1319,4823
757729163776290825,8790,0
757741869644341248,3534,7308
758041019896193024,406,2874
758355060040593408,1179,3653
758405701903519748,2091,5523
758467244762497024,2420,5101
758474966123810816,1077,4060
758740312047005698,1742,6079
758828659922702336,4161,11873
758854675097526272,969,3770
759047813560868866,2189,6924
759099523532779520,4529,15451
759159934323924993,1263,0
759197388317847553,2114,6441
759447681597108224,2658,9012
759557299618865152,1272,5001
759566828574212096,22932,0
759793422261743616,2065,6328
759846353224826880,2150,7146
759923798737051648,6162,15612
760190180481531904,1963,6059
760252756032651264,938,4188
760290219849637889,12473,28504
760539183865880579,3940,8053
760641137271070720,1405,5268
760656994973933572,2095,7027
760893934457552897,1058,4062
761004547850530816,3772,12028
761227390836215808,1692,5653
761292947749015552,1192,4745
761334018830917632,1574,5539
761371037149827077,19510,0
761599872357261312,1276,4389
761672994376806400,31551,52703
761745352076779520,936,4525
761750502866649088,4283,0
761976711479193600,2196,5748
762035686371364864,16960,34054
762316489655476224,1226,5125
762464539388485633,4573,10988
762471784394268675,7044,12007
762699858130116608,3940,12955
763103485927849985,2481,7829
763183847194451968,1605,5749
763837565564780549,4542,13423
764259802650378240,1651,6440
764857477905154048,1926,6844
765222098633691136,3684,12371
765371061932261376,2350,7556
765395769549590528,3691,28099
765669560888528897,1325,5533
765719909049503744,2341,7717
766008592277377025,537,3983
766069199026450432,940,4557
766078092750233600,2829,0
766313316352462849,2048,7224
766423258543644672,1739,6416
766693177336135680,862,4299
766793450729734144,1479,5410
767122157629476866,3106,10793
767191397493538821,4149,13087
767500508068192258,2541,7978
767754930266464257,5867,17087
767884188863397888,1533,5069
768193404517830656,3862,11622
768473857036525572,3730,14534
768596291618299904,1388,5350
768609597686943744,1324,4389
768855141948723200,968,4466
768970937022709760,7133,15358
769212283578875904,1869,5748
769695466921623552,1805,6813
769940425801170949,10530,33538
770069151037685760,2510,8086
770093767776997377,3312,0
770293558247038976,1626,6658
770414278348247044,2249,6713
770655142660169732,1897,7810
770772759874076672,1540,5543
770787852854652928,1331,5288
771004394259247104,240,0
771014301343748096,1802,7327
771102124360998913,1563,6644
771136648247640064,3196,9803
771171053431250945,8253,0
771380798096281600,5563,11227
771500966810099713,2863,8827
771770456517009408,3714,12801
772102971039580160,1011,4272
772114945936949249,516,2892
772117678702071809,802,4003
772152991789019136,1223,4034
772193107915964416,1509,6409
772581559778025472,1843,6907
772615324260794368,3684,0
772826264096874500,2541,8519
772877495989305348,4227,9150
773191612633579521,4490,10662
773247561583001600,3502,10056
773308824254029826,8167,24800
773547596996571136,6731,23554
773670353721753600,1418,5682
773704687002451968,1786,7053
773922284943896577,1890,6828
773985732834758656,4241,11473
774314403806253056,6109,23243
774639387460112384,1903,7182
774757898236878852,1935,9127
775085132600442880,5168,16605
775364825476165632,3255,7941
775729183532220416,4995,13803
775733305207554048,4386,14795
775842724423557120,2931,12526
775898661951791106,17973,0
776088319444877312,166,1962
776113305656188928,4764,12563
776201521193218049,2762,10258
776218204058357768,17481,32075
776477788987613185,3069,9464
776813020089548800,1325,5213
776819012571455488,15060,0
777189768882946048,4742,15313
777621514455814149,2731,9386
777641927919427584,4653,0
777684233540206592,3231,12010
777885040357281792,1801,6804
778027034220126208,1777,7009
778039087836069888,2887,9071
778286810187399168,3623,11117
778383385161035776,1208,6240
778396591732486144,13423,0
778408200802557953,4767,14606
778624900596654080,1112,4980
778650543019483137,1634,6180
778748913645780993,1463,7388
778990705243029504,7975,21454
779056095788752897,4955,15843
779123168116150273,3986,12642
779377524342161408,3410,9435
779834332596887552,7779,20350
780192070812196864,2454,9322
780459368902959104,1175,5660
780476555013349377,127,0
780496263422808064,4075,0
780543529827336192,1904,6753
780601303617732608,3652,12937
780800785462489090,1428,5908
780858289093574656,2191,7710
780931614150983680,8058,23179
781163403222056960,2997,10459
781251288990355457,2306,9034
781524693396357120,6088,22248
781661882474196992,2976,11194
781955203444699136,3691,11907
782021823840026624,6856,0
782305867769217024,6125,17868
782598640137187329,2057,8330
782722598790725632,5928,18508
782747134529531904,1533,8009
782969140009107456,8080,25850
783085703974514689,2442,8728
783334639985389568,12896,31357
783347506784731136,6154,0
783391753726550016,6057,18085
783466772167098368,2477,9056
783695101801398276,3543,11203
783821107061198850,2154,7893
783839966405230592,11886,32233
784431430411685888,1409,6107
784517518371221505,2785,9628
784826020293709826,3552,10879
785170936622350336,5348,12990
785264754247995392,1799,7796
785533386513321988,2210,9780
785639753186217984,2441,8383
785872687017132033,2010,7169
785927819176054784,3476,12195
786036967502913536,7779,0
786233965241827333,5257,16437
786363235746385920,3859,11711
786595970293370880,3407,10106
786664955043049472,2827,11453
786709082849828864,6704,19523
786963064373534720,8801,28558
787322443945877504,1919,8371
787397959788929025,3124,11648
787717603741622272,3067,10978
787810552592695296,3361,9323
788039637453406209,1457,6593
788070120937619456,3772,0
788150585577050112,1435,6618
788178268662984705,2335,7779
788412144018661376,5848,16766
788765914992902144,11355,29489
788908386943430656,13652,29462
789137962068021249,3079,10431
789268448748703744,2840,9797
789530877013393408,3718,12653
789599242079838210,2137,7279
789628658055020548,1968,8080
789986466051088384,2557,9948
790277117346975746,3516,13484
790337589677002753,2060,8411
790581949425475584,7925,22231
790698755171364864,2104,8809
790723298204217344,2557,0
790946055508652032,5182,17870
790987426131050500,2358,10644
791026214425268224,4542,0
791312159183634433,2806,9449
791406955684368384,4548,14118
791672322847637504,3442,12643
792050063153438720,1983,7730
792394556390137856,4734,14483
792773781206999040,1857,7903
792883833364439040,4719,12178
792913359805018113,4436,15426
793120401413079041,4321,13660
793135492858580992,2759,6961
793150605191548928,1882,6634
793165685325201412,3072,10120
793180763617361921,2194,7444
793195938047070209,6207,16428
793210959003287553,3107,9618
793226087023144960,3156,10592
793241302385262592,3616,11315
793256262322548741,9200,21507
793271401113350145,2614,9309
793286476301799424,10166,26484
793500921481273345,2626,11509
793601777308463104,1808,8573
793614319594401792,3442,0
793845145112371200,2070,9896
793962221541933056,5403,18109
794205286408003585,3654,9885
794332329137291264,2921,10301
794355576146903043,11355,0
794926597468000259,2553,11067
794983741416415232,3718,0
795076730285391872,5994,17462
795400264262053889,3166,10874
795464331001561088,26310,53603
796031486298386433,4068,11621
796080075804475393,2565,9093
796116448414461957,2676,9783
796149749086875649,15809,34812
796177847564038144,15809,0
796387464403357696,4597,11839
796484825502875648,1947,8155
796759840936919040,3375,12776
796865951799083009,2100,8257
797236660651966464,7326,21499
797545162159308800,5362,15596
797971864723324932,3470,12529
798209839306514432,2829,11165
798340744599797760,3714,0
798628517273620480,2167,0
798644042770751489,2040,0
798665375516884993,4288,0
798673117451325440,6119,0
798694562394996736,5475,0
798697898615730177,7189,0
798925684722855936,1586,7996
798933969379225600,4946,14157
799063482566066176,2722,8701
799297110730567681,3060,10663
799422933579902976,2114,8650
799757965289017345,2390,9042
799774291445383169,5168,0
800018252395122689,14543,30526
800141422401830912,2829,16448
800388270626521089,3098,11987
800443802682937345,4764,0
800459316964663297,2386,10170
800513324630806528,3318,14123
800751577355128832,3060,11283
801115127852503040,2307,8693
801167903437357056,6560,26344
801285448605831168,919,6516
801538201127157760,2269,8819
801958328846974976,1885,8290
802239329049477120,2872,9759
802265048156610565,1505,7092
802323869084381190,6438,17463
802572683846291456,2757,9603
802624713319034886,3231,0
802952499103731712,2217,9700
803276597545603072,2724,10771
803380650405482500,2048,8318
803638050916102144,4560,11794
803692223237865472,8195,0
803773340896923648,3055,10792
804026241225523202,17885,47943
804413760345620481,3552,0
804738756058218496,4246,14758
805207613751304193,1880,8384
805487436403003392,2795,9412
805520635690676224,1820,6157
805826884734976000,2016,7073
805932879469572096,2109,8874
805958939288408065,5928,0
806219024703037440,1317,6892
806242860592926720,12896,0
806542213899489280,2611,10971
806629075125202948,38404,80671
807010152071229440,4215,14001
807059379405148160,8080,0
807106840509214720,61234,127505
807621403335917568,4059,15645
808001312164028416,3899,13501
808106460588765185,2419,9356
808134635716833280,6560,0
808501579447930884,2867,12109
808733504066486276,2390,8491
808838249661788160,3351,10841
809084759137812480,3859,14186
809220051211603969,6192,21391
809448704142938112,1616,7433
809808892968534016,5403,0
809920764300447744,4300,16621
810254108431155201,3696,15755
810284430598270976,12569,38026
810657578271330305,2915,11756
810896069567610880,1969,9706
810984652412424192,1578,5719
811386762094317568,7040,22416
811627233043480576,3447,13717
811744202451197953,1774,8094
811985624773361665,1546,7785
812372279581671427,4032,14688
812466873996607488,2117,8564
812503143955202048,1348,6513
812709060537683968,1572,7107
812781120811126785,2100,8119
813051746834595840,8066,22470
813066809284972545,2143,8528
813081950185472002,3045,10575
813096984823349248,3965,11272
813112105746448384,3032,11066
813127251579564032,3440,12705
813142292504645637,2595,9018
813157409116065792,2440,8309
813172488309972993,2103,9993
813187593374461952,4801,21246
813202720496779264,1975,9834
813217897535406080,8022,20020
813800681631023104,1931,8939
813812741911748608,15400,38919
813910438903693312,2068,9950
813944609378369540,3516,0
814153002265309185,9553,30809
814530161257443328,2035,9277
814638523311648768,2973,12063
814986499976527872,1423,8170
815390420867969024,4183,11082
815639385530101762,1809,8795
815736392542261248,2501,10530
815966073409433600,9333,24012
815990720817401858,1143,5349
816014286006976512,5836,0
816091915477250048,2365,9553
816336735214911488,2146,9194
816450570814898180,8909,32706
816697700272001025,2429,10484
816816676327063552,2234,10686
816829038950027264,5182,0
817056546584727552,1816,9165
817120970343411712,2877,13011
817171292965273600,2206,9325
817181837579653120,9333,0
817415592588222464,1057,5998
817423860136083457,16414,36583
817536400337801217,3327,12614
817777686764523521,2933,11436
817827839487737858,29782,55427
818145370475810820,2847,13128
818259473185828864,2510,11786
818536468981415936,2717,11657
818588835076603904,6731,0
818614493328580609,2834,10540
818627210458333184,8158,23692
819004803107983360,40200,92244
819006400881917954,20719,48199
819015331746349057,20719,0
819015337530290176,40200,0
819227688460238848,7332,24643
819347104292290561,1324,7707
819588359383371776,2155,10205
819711362133872643,3436,14365
819924195358416896,5305,13729
819952236453363712,1300,5674
820078625395449857,6882,21152
820314633777061888,620,3557
820446719150292993,2829,0
820690176645140481,3533,13016
820749716845686786,10851,33646
821044531881721856,2506,13506
821107785811234820,2329,10220
821149554670182400,2203,9299
821407182352777218,4761,12551
821522889702862852,1934,8551
821765923262631936,1819,8979
821813639212650496,3652,0
821886076407029760,2561,12103
822244816520155136,10760,37305
822462944365645825,16032,30335
822489057087389700,7012,19331
822610361945911296,3239,15721
822647212903690241,7012,0
822859134160621569,2492,14068
822872901745569793,47918,140905
822975315408461824,3757,18396
823269594223824897,10760,0
823322678127919110,4385,16748
823581115634085888,2887,13868
823699002998870016,2641,13378
823939628516474880,2959,11323
824297048279236611,4219,16009
824325613288833024,11320,12527
824663926340194305,1893,10705
824775126675836928,3841,15912
824796380199809024,5994,0
825026590719483904,1398,6746
825147591692263424,4987,19453
825535076884762624,18741,55326
825829644528148480,2712,13539
825876512159186944,2037,11119
826115272272650244,3415,16642
826204788643753985,1016,5179
826240494070030336,2814,14088
826476773533745153,4569,19552
826598365270007810,2556,10698
826848821049180160,11128,38712
826958653328592898,5445,22885
827199976799354881,2441,11216
827324948884643840,3335,16834
827600520311402496,1032,7853
827653905312006145,3270,16360
827933404142436356,5686,21359
828011680017821696,2338,10990
828046555563323392,3112,12463
828372645993398273,3198,13278
828376505180889089,1154,7822
828381636999917570,2417,13386
828408677031882754,1396,8108
828409743546925057,1251,6662
828650029636317184,1463,10067
828708714936930305,12207,38802
828770345708580865,6377,27081
829011960981237760,17625,56132
829141528400556032,8052,25954
829374341691346946,10125,36648
829449946868879360,2205,11076
829501995190984704,11532,33603
829861396166877184,2126,12938
829878982036299777,5445,0
830097400375152640,3262,10393
830583320585068544,18268,70799
830956169170665475,1620,8434
831262627380748289,2225,12593
831309418084069378,2642,12398
831315979191906304,1210,6896
831322785565769729,1655,9717
831552930092285952,2485,9519
831650051525054464,2105,7590
831670449226514432,1964,11039
831911600680497154,7061,29229
831939777352105988,6648,25368
832032802820481025,5032,18833
832040443403784192,10530,0
832273440279240704,2524,11945
832369877331693569,3450,18126
832397543355072512,2407,12616
832636094638288896,3031,16757
832757312314028032,3921,17766
832769181346996225,40,0
832998151111966721,2398,14034
833124694597443584,5239,21310
833479644947025920,2238,15686
833722901757046785,3470,21841
833826103416520705,3718,16197
833863086058651648,2602,14141
834086379323871233,2398,13786
834167344700198914,3929,16621
834209720923721728,5170,21733
834458053273591808,1810,10142
834574053763584002,2736,14439
834786237630337024,5915,22293
834931633769889797,1784,11424
835152434251116546,3255,23668
835172783151792128,6196,27546
835264098648616962,1839,8162
835297930240217089,3231,17290
835574547218894849,3907,18745
836001077879255040,4627,20136
836260088725786625,4625,22398
836380477523124226,3185,15494
836677758902222849,2393,13271
836753516572119041,4973,20240
836989968035819520,2472,13397
837110210464448512,2578,16858
837366284874571778,5701,22231
837471256429613056,2467,13459
837482249356513284,476,4033
837820167694528512,8457,35944
838083903487373313,3393,18542
838476387338051585,5180,23746
838561493054533637,1423,11468
838916489579200512,36,0
838921590096166913,2231,11732
839239871831150596,7022,28573
839290600511926273,154,0
839549326359670784,8354,28897
839990271299457024,2465,14090
840268004936019968,6149,20220
840370681858686976,4881,17270
840632337062862849,1879,9410
840696689258311684,1050,12894
841077006473256960,5686,23982
841314665196081154,5025,16578
841439858740625411,3927,13228
841680585030541313,8298,26845
841833993020538882,16414,0
842115215311396866,3243,14666
842163532590374912,6204,25618
842535590457499648,3744,18934
842765311967449089,1360,7058
842846295480000512,3843,15910
843235543001513987,6460,22470
843604394117681152,2943,17651
843856843873095681,4939,22361
844223788422217728,2343,14238
844580511645339650,3353,17200
844704788403113984,11030,40423
844973813909606400,3426,15777
844979544864018432,2754,14223
845306882940190720,5743,24319
845397057150107648,1926,7963
845677943972139009,5089,26166
845812042753855489,9306,30555
846042936437604353,3080,16657
846153765933735936,9640,33017
846514051647705089,12329,46502
846874817362120707,4171,20901
847116187444137987,3395,22286
847157206088847362,6215,20767
847251039262605312,4559,21268
847606175596138505,3599,19515
847842811428974592,1424,5695
847962785489326080,5406,24416
847971574464610304,454,0
848212111729840128,3254,16943
848324959059550208,4872,25678
848690551926992896,4566,26138
849051919805034497,9010,44038
849336543269576704,1993,11831
849412302885593088,3320,16437
849776966551130114,8023,31539
850019790995546112,5166,21161
850145622816686080,4039,16887
850380195714523136,2758,13504
850753642995093505,9782,32056
851224888060895234,6020,21357
851464819735769094,7440,25052
851591660324737024,3646,16710
851861385021730816,23,0
851953902622658560,10125,0
852189679701164033,1665,11805
852226086759018497,7134,20588
852311364735569921,10369,34067
852553447878664193,3687,16835
852672615818899456,2260,15339
852912242202992640,1922,9310
853299958564483072,3734,15943
853639147608842240,10591,35761
853760880890318849,6056,29311
854010172552949760,3289,16595
854120357044912130,7806,32728
854365224396361728,4880,19348
854482394044301312,7145,29987
854732716440526848,6350,23341
855459453768019968,8511,30529
855851453814013952,18312,46265
856282028240666624,6526,28207
856526610513747968,1941,12035
856543823941562368,2970,16527
857029823797047296,4126,19247
857263160327368704,4655,20307
857393404942143489,1690,5999
857746408056729600,10940,34759
857989990357356544,2648,16340
858107933456039936,2995,15924
858471635011153920,4974,21770
858843525470990336,3563,15732
859074603037188101,13941,34295
859196978902773760,30950,91026
859607811541651456,1610,18793
859851578198683649,3591,15565
859924526012018688,4188,19745
860184849394610176,5962,16855
860276583193509888,3551,18477
860524505164394496,5388,23848
860563773140209665,2201,7574
860924035999428608,839,0
861005113778896900,3874,16850
861288531465048066,4236,17330
861383897657036800,10898,36359
862096992088072192,23716,75122
862457590147678208,5041,20692
862722525377298433,3585,17177
862831371563274240,5170,19292
863062471531167744,2491,8576
863079547188785154,1118,8819
863432100342583297,5343,23954
863553081350529029,4238,15378
863907417377173506,4205,20720
864197398364647424,9064,30289
864279568663928832,3077,14685
864873206498414592,8815,32396
865006731092295680,7773,28092
865359393868664832,5056,26546
865718153858494464,5678,25670
866334964761202691,14601,52659
866450705531457537,35594,122365
866686824827068416,3518,19343
867051520902168576,7930,32225
867072653475098625,121,0
867421006826221569,2525,16098
867774946302451713,7378,33952
867900495410671616,4202,24148
868552278524837888,2104,10115
868622495443632128,5401,26761
868880397819494401,14538,65408
869227993411051520,3795,20349
869596645499047938,3139,15903
869702957897576449,6360,28103
869772420881756160,10044,42183
870063196459192321,8351,36456
870308999962521604,4152,21705
870374049280663552,26208,82185
870656317836468226,2643,12334
870804317367881728,6192,33358
871032628920680449,3811,22485
871515927908634625,3443,20039
871762521631449091,3461,20092
871879754684805121,11126,37644
872122724285648897,8085,34110
872261713294495745,6288,33861
872486979161796608,8966,40260
872620804844003328,3677,20579
872820683541237760,3673,14559
872967104147763200,5369,27064
873213775632977920,1576,7149
873580283840344065,3913,23918
874012996292530176,10329,34187
874057562936811520,3922,22376
874296783580663808,4074,25742
874680097055178752,4602,27484
875021211251597312,4670,25157
875144289856114688,4874,21640
875747767867523072,4247,24863
876120275196170240,4639,27542
876484053909872640,2369,18510
876838120628539392,3302,20407
877201837425926144,5515,26764
877316821321428993,5111,27011
877556246731214848,3763,22423
877611172832227328,80,0
877736472329191424,18844,78698
878057613040115712,6730,41462
878281511006478336,1270,7645
878776093423087618,4076,19140
879008229531029506,2661,18722
879050749262655488,4653,22243
879376492567855104,3072,16539
879415818425184262,43600,104381
879492040517615616,3140,23091
879862464715927552,3447,22013
880095782870896641,4294,27248
880221127280381952,4155,26676
880465832366813184,6180,28119
880872448815771648,3756,20971
880935762899988482,2743,16768
881268444196462592,5092,22754
881536004380872706,15704,48737
881666595344535552,10506,49864
881906580714921986,3344,23977
882045870035918850,4896,28933
882268110199369728,11421,44303
882627270321602560,5995,27509
882762694511734784,4842,27896
882992080364220416,3864,23615
883117836046086144,6571,36660
883360690899218434,3642,22347
883482846933004288,9794,45244
883838122936631299,3392,21577
884162670584377345,2942,20067
884441805382717440,5566,26594
884562892145688576,4655,23948
884876753390489601,5557,27510
884925521741709313,17995,76331
885167619883638784,4308,21596
885311592912609280,18268,0
885528943205470208,6327,35447
885984800019947520,6685,32180
886258384151887873,6183,27570
886366144734445568,3145,20873
886680336477933568,4393,22101
886736880519319552,3227,11876
886983233522544640,7643,34635
887101392804085760,5867,30106
887343217045368832,10237,33179
887473957103951883,17872,68030
887517139158093824,11475,45578
887705289381826560,5300,29726
888078434458587136,3440,21433
888554962724278272,3490,19528
888804989199671297,4223,25179
888917238123831296,4419,28669
889278841981685760,5284,24877
889531135344209921,2208,14886
889638837579907072,4470,26748
889665388333682689,9886,47388
889880896479866881,4893,27380
890006608113172480,7213,30214
890240255349198849,7262,31425
890609185150312448,4202,27379
890729181411237888,18548,64409
890971913173991426,2029,11657
891087950875897856,3063,19927
891327558926688256,9199,39696
891689557279858688,8504,41508
891815181378084864,4086,24659
892177421306343426,6176,32746
892420643555336193,8361,38186
